33310313
33310133
33300313
33100330
33100303
33011313
33010310
33001331
33001313
33000313
33000310
31300333
31001333
31000330
31000303
30010313
30000313
13300331
13110313
13110133
13100333
13100331
13100330
13100313
13100303
13100133
13100033
13013313
13013133
13010311
13003331
13003313
13003133
13001331
13000331
13000313
13000311
13000131
13000031
03313313
03313133
03310313
03310311
03310133
03310131
03310113
03303331
03303313
03303133
03301331
03300331
03300313
03300311
03300131
03300031
03111313
03110310
03110130
03110113
03110103
03110013
03103330
03103303
03103033
03101333
03101331
03101330
03101133
03101033
03100330
03100313
03100310
03100303
03100301
03100300
03100133
03100130
03100103
03100033
03100031
03100030
03100013
03100003
03013310
03013113
03011313
03011311
03011131
03003313
03003310
03003133
03003130
03003103
03003031
03001331
03001313
03001311
03001131
03001031
01310133
01300331
01300313
00300331